16
0 127 3 20000000 2.00000 0.5 2
1 127 3 20000000 2.00000 0.5 2
2 127 3 20000000 2.00000 0.5 2
3 127 3 20000000 2.00000 0.5 2
4 127 3 20000000 2.00000 0.5 2
5 127 3 20000000 2.00000 0.5 2
6 127 3 20000000 2.00000 0.5 2
7 127 3 20000000 2.00000 0.5 2
8 127 3 20000000 2.00000 0.5 2
9 127 3 20000000 2.00000 0.5 2
10 127 3 20000000 2.00000 0.5 2
11 127 3 20000000 2.00000 0.5 2
12 127 3 20000000 2.00000 0.5 2
13 127 3 20000000 2.00000 0.5 2
14 127 3 20000000 2.00000 0.5 2
15 127 3 20000000 2.00000 0.5 2