120 
67 69 3 483336 2.000081784
50 93 3 688430 2.000610895
5 23 3 91934 2.002435667
23 28 3 211739 2.002955638
13 20 3 3281 2.003665689
73 49 3 164991 2.004400982
48 15 3 45984967 2.008238885
53 75 3 334496 2.008678045
103 114 3 1329114 2.008791428
21 94 3 835025 2.011644120
55 119 3 639454 2.011687986
69 10 3 345590 2.011702212
87 31 3 214932 2.011709777
120 52 3 271389 2.012410612
101 11 3 162992 2.014479936
64 26 3 361841 2.014633654
120 33 3 332400 2.016548329
70 3 3 298937 2.020974285
40 33 3 351219 2.021484360
124 102 3 239992 2.027010334
61 87 3 44889 2.036899879
73 82 3 3239497 2.037637114
109 29 3 293083 2.038633023
45 35 3 209025 2.041102907
92 75 3 252469 2.041769396
4 53 3 93406 2.045519461
101 57 3 233044 2.046494416
19 45 3 128998 2.046734985
19 7 3 41915 2.048231602
54 89 3 264036 2.051264608
45 25 3 299708 2.051926217
49 4 3 214333 2.052180850
7 34 3 158261 2.052936130
96 81 3 540472 2.058225579
117 61 3 659205 2.058865315
124 76 3 298668 2.066266496
122 86 3 316944 2.066709182
68 119 3 178670 2.067071566
22 43 3 295067 2.069233750
53 26 3 320243 2.070296750
6 53 3 390989 2.070773929
91 17 3 380450 2.073003026
22 32 3 50272 2.074454558
32 115 3 92408 2.075359835
2 48 3 362537 2.076362486
64 49 3 336795 2.080226386
18 21 3 321135 2.082359807
65 97 3 599466 2.085029595
50 19 3 4370886 2.086626149
60 65 3 393213 2.086884972
65 74 3 465059 2.088512914
113 79 3 111942 2.088805481
43 102 3 336070 2.089096464
14 61 3 224290 2.091045974
118 54 3 95263 2.091639690
70 112 3 185754 2.094245439
126 0 3 98210 2.094815328
65 96 3 351436 2.095021108
93 40 3 5831610 2.096767716
48 74 3 231515 2.099706653
49 112 3 248926 2.099751604
98 109 3 286575 2.100223981
114 55 3 333717 2.103112520
45 56 3 319929 2.103882930
30 85 3 110514 2.104050184
113 15 3 138528 2.104503836
99 23 3 22385743 2.105871459
52 67 3 588450 2.106042841
36 120 3 365851 2.107731700
45 120 3 495232 2.113429335
85 7 3 209192 2.113489185
5 77 3 225844 2.114380263
85 111 3 217755 2.116202186
50 49 3 245496 2.116574868
3 33 3 395998 2.119438184
95 65 3 400188 2.119603469
96 81 3 1198414 2.122503952
95 86 3 317489 2.125169666
49 79 3 92038 2.125933938
126 53 3 764633 2.126818443
100 40 3 104410 2.127411043
99 90 3 145749 2.128937200
11 119 3 658155 2.129219015
121 93 3 270030 2.129874879
105 106 3 143399 2.135287080
35 112 3 100556 2.136668864
30 106 3 413630 2.139042731
118 69 3 109647 2.139340960
100 83 3 301006 2.142264953
4 78 3 36961 2.143865689
41 24 3 357229 2.147595359
97 8 3 150521 2.149315434
73 21 3 23857 2.149869929
40 66 3 10222 2.152631148
78 28 3 1287480 2.163724520
26 2 3 227509 2.164841054
126 22 3 265411 2.172707175
11 116 3 309307 2.175494618
87 0 3 331005 2.183934583
50 82 3 91941 2.190523285
89 3 3 318059 2.196478597
46 34 3 4260504 2.199013492
31 65 3 18138 2.199033456
91 40 3 991648 2.199937095
75 100 3 1199577 2.204115829
95 43 3 778987 2.204213153
115 47 3 4818513 2.204623095
99 119 3 205646 2.215798548
50 60 3 263492 2.216062344
43 120 3 240112 2.216740797
46 0 3 261303 2.226958413
41 19 3 350676 2.232577421
36 18 3 343343 2.236581160
84 22 3 299238 2.237682770
44 54 3 362421 2.248589691
19 72 3 1718009 2.249803927
46 110 3 247333 2.251745455
72 119 3 57491 2.255089366
23 101 3 298520 2.261440349
69 40 3 236621 2.262905260
